$ANSIBLE_VAULT;1.1;AES256
31643462343263623631313035353934616137353332643034396663303335616638316161306266
6635333037356539316166316434663433656336393361330a333736626365316263646634623866
39326139326239643438313465623262613330333762313964386635346263383530336338313530
3266363636393866360a356536306462306362646131353365356433306635346339303066623331
32613236323930653438653739376163623636626135316134363762333466386535326662643334
33333862636265393932303136323732363062613237323936333061356363333064626264636532
62646136383665636637643863623761356234333434663963323430363265313735336566656461
38353737636437356462376239376162666635363135373133393166633431316366613261613932
33623633393639633530343333356161653935383261663763396236326563366532393434323137
39333635303031313036623135356663313364386535346565613133613262356231666330653264
30656535316231643031653330636661336266303535646138386436356336643262626234363235
65383661633565343261663735656535313136343132343061323635623030393066353532326462
62333734346162333639656136333534343435336431326364656565343231643035353632336666
66616463636332653864303933643833323466303261316561396466393738326462636263313531
33376237373861363838643866383366306336363833366666633364386331613734393366336664
30396334643639666661663965626636303761616565666237653831653131393039666234306466
6436
