$ANSIBLE_VAULT;1.1;AES256
34376165366466663764306534373365353064626665366530306634346265316437303832393631
6465336135336135636364396638633764356630396632640a623137353039633437323762343235
38623964306233616261313361353137313539396566323330623065333333376333383530636432
3564363130613631360a313130653564313561306265383966363038396334636565626137346633
38633734363666373236623831353833333062633062626130386131333135636634303265636633
63393335653833333664363636306461366636643838343564353534643839366636313665336661
35303066383839643039643962393430656239393734313132336262313635386336323135626534
65393061633131303139346263316234333330333532373065643563336661316163366333303633
61653261323566666339666131396563323262363962386535326366306131633961653737396531
32333262386232623432336539336633633432636131313233323632616130303165313863653639
34643539643430613164353831386562333764353166383361333638303337326330363137613635
61626435626639383566386463303565643332623332613638346132366433366435326633626539
36353137623035613761316566623862633034646236336332656665666131323236343366643465
61653430333939396266363237316336333035303730653538633134653366363530313831323261
63613031626566646466666536333339613239333661333630653265316534616635353864373264
32636239626636356263663665633638643465313732616564313463613561326634353762643839
31643432343164666438383661623339616266613337383838393939303562386435333234623562
38363964356637613430393966376333363864353462383266363830383730613830323934353230
63313339326634663061623636393337363131623231333531656133316630353261393065653264
30363365316536373362653364383337636633356365653033653637313136383535313737383037
38633538346130343238653235643635366337356366633030346365633835373439323730303630
38323062396664666464386233656263326438373030633637313739333261393131393938666138
32336233396236623266663231303039633834653330373363323633373531663165636231383238
35613566646235663536
