$ANSIBLE_VAULT;1.1;AES256
32653866366133653334343836656131383630356362336461656630393739313935646434623761
3233663636613462653035363136333837636462386661360a383666363566643262393730396531
66653462333634306461363334383633356533333836353132323663613233363837343732323163
3432333761353163330a643630666134346137653132326231666435643266636363333739336637
64303661313663383539616136323935636661663835636263313435313135643837643266393935
36373263326131636539396237333366663033343239623635643632623861613661613434396364
32373561613833643039363462393364663931636634613534363434633266613238663339623238
62366562663439366437393133646236653437623938636139316530346261646465346336356161
66643933636534323162336263326365356233376234333835653266623137303734386362613334
38343338643732376161396633303130303235623163393333356135626263633963646230653533
66356364313761663132383363323864366134646334333464353964666331333266663937363230
35633134653564366638613730333065666135623535323265343036363062623361646362333630
31663037353564616531383265653938366330386662326366333636643239643761646561323430
34636433656266366239393833613736373936313464303732323430323365386132623637356233
64303832616430313335333130343637626465363131636432616562653231313638343263646432
61306166396230366539363431396136336435616163633332366339333565646637376332323134
35313336313363386435303839353561333765636465636331626365633533636435656264623333
35376539306365363266626636346238633365383261393731643336643032663932303865343630
33643966616535353765343231623438666131616136363233386539343563306137313635663765
34303239653638643237303265666433373962306665323632636563343664343133393866653036
35383364626466626232353761643163636637386266636335353934306464643638353737666235
37353065383364306539356233633137343831386538363461663137373932663164666262373133
30326165613039663864366434326337386139393437623763346130623665663539343464633532
34326362633738356564626337323135626230366130633036346638653135306534396130643761
61326262626465313763336534326363353563356261363636643834393835303865396537366163
30346138353363633765343963373534326461646233393538373437393233663664373565353435
33376162656333363038303162366239326535333639313133656237333461366166643162326462
35313737623331623032346366393662626131366634383032373933313039323165313565343935
33333338636264626637623632636330323363363630336637626336343632343536636234653664
64616264363532343163353537303633306635373336643332653131656430623737303939396462
36653762363563353164353265313965643562363631356337393431363739306231393638383263
36663536663162363162316432626637646565343064643932626265326631353265386133623364
64656634386137633637313431636235643735343539353732373038376365363136316638643233
37336435323963663036393337306631663336386235393064373766626662626666323934656662
61316637336131646661653561646230663830323431316330316534373861663635386231663739
61363731653962383831336237623464323135313134386431663631393463643530636536396665
61343461353663626663373734353362646164383330386136363933323730653332343634663662
35373235383030333863373565643665383164653332663336663037326536653935333663663563
66613162306531336366363163343938376162613633613036313133306261646137376461613630
37346634306566366165363961396338636230336365366335393137393937613938366263353966
65646161346434656137383132666630353262313065656539333636383231366530646438353665
32386361613938353931626562653330376566323635646564303335313837313538363234306566
33613966653436636439333963623063376134386366343162353064333938643965396635376534
31623133303961633164633864663734323238356536626239356437636334663535323438633764
63613036656661376464373633653831313065316266393863663762386461366563643631343161
38316163663231356661356332643264363234393539363031343838663734643638396566636330
65363832336438336438396462633932306663643465353838636336383031636166616136636533
39396264323638343364613535633561616165626139306334663263626433646532393130353932
66386263373662363835383933653265633736313762326635643632623065636139613964363531
36383164643962313862373535333762346362316661333764306639323336356635636265336537
39316339663136326262643537316561323739346635363037616464396438616336376435393166
33353139643539343832346165363665623037333362666561393339383462363139383339376362
61376434616264653831633861396537393934646232333861343064623333646430616230393363
63376133353938303036336535633665666161646532623433313462633335396563353437336535
34316538326366633837646339383664613765333836376162336136613838346635303863323064
33623863336633393030653965663837386239663231336436373561626665643735623635613930
31373866616533353463353062363637623633653737316366393539346234326531616164336135
61656536306336316663383862353462643963303736346230366133643532343939303638613833
63363665343832336533313234396232656265343631613637363434363439663662363535383133
63383431336436613636376436376433633431353737633938323433386162643636303966623331
39343732613465393030653464396638363430656238643839613365356362333736316166323031
66326231633839623561343130366564326666613964643439383937363264386334616335383163
65653762396432643662303135303966393563376262313062326261303436343735666231653539
32376166356437626337373263366537313063376362393535643839396231646366386663623935
65373539623966656238386239636631373634376236646262383666326432343735613836656639
63633734346334316261333236316466346539626535636235393031306462333865653936303930
33646435313230333362343034616535306262613330363632353861666132633737323065306266
61616233633139313161663535623635306234376630393534323866623633373639396635333666
34336165373761326663356564633938303366313361346336663463646432383938376233396234
33646362616362623866316166666566303131633064393036633330646430366235373466356132
66383436386230396339623531303230393032633637373437666539373561333164396563616338
39643234363332353162333862656533373735663634306235343736363739303862346364346635
37353937636137313236386132353139393239646539623830666537306366653863633639613365
38396162346663616335643134313161363331363466326262623933386163626530623132323236
62623137653163393438386532653963396332666461663436313130643134336434306536393436
65373961336434316531306265316333633537653733376561613931343266363333636663653166
66306364336531376637373032306666353962306638333631616266353866393233333164323962
37653132613237363530373230323230323438336134643035396432393162643334316365326463
33646630363865323764363635616132356238346265616665333538363431303734396532393734
62646531633430623663646463363766613930643362303138346631616531356131353331646665
33316639363961313939616138613139383630393439333331663431396264306533396263343261
35323662643439343835356232613165373430386366613632336634663633663462643434623061
39346531313534623066626638613465353962373133386336346633653538613836656132346431
66656337343264626132363532323733346132396261326136363236346261313734316566623465
65336261316161663536616537393130373161386635363537633066363966313737616264363531
37373366373762316261326263323438336163383630363965373431346131306239306531366639
62376331343864376236666361333063663337636261663761313536623732623166633166353438
66353530626461626536656262383066316362336633663736616332366433363239346665653532
37396361376337333462643266366366623838313134643863663731363436363663613866343037
37316637643165323133636662326132373132336239643265666136363537336233323534313464
32316333383136326530396236373337636430663833636339393736393363666632646530393838
34393435623837303531623464626461663362366561623961623531346161313031323862373061
31393261313961353031613165333238666234303461336532653437396531303432383865373063
66353634346539646632336332666166326234306333326634323131396432346466663738313366
66316534393263666264623839393738663332396138646563373765373738623339643439323665
63396336326162666232396439656538306261323637373162613364323038313963366236616662
30323562376133333163663165366163373630623563333537386333343163313037343034323663
39626133313765333062396261663964393938666434376162386161313264643966313261386563
39633737356362613866623835366438643032366234333962383830613161653839636538346337
33623933653530346330663839636461626530396531333862373437653861333663663364383865
33373962353866666561303038663639623534633063376530613338366666356163306135313339
31303535353263326165303435343861373737363634666637336138653465336265393334613430
34363565646462633634376334653664623163336632333262393830373763383666363663633161
61633132383761616536316166653438613230383137396433613530303362323361323265343066
36393536366336396664366261316364383239336665316133663037366132656637663533353563
31623466303037376230666164326437346638393065313238343766316633613031663234613731
31366638303336353230313466343730653836626535656437323033306133326462363163363836
39316537636337653330326561346261373561313433666363616133326666313133313961313039
35623830383863306137333566353139636435373437313532346630643563323533376465356634
66373339646337383764393531633962613137616336313861343230383333363331353030386233
65346131323764366263396365663130626638623863626436366633383962316230633664386335
32393836326536613634316664386137306535613666343733626138613339376264613332633364
39343430316138326361313866323263373765626338303366303561333132663130326163323738
39336631383665616362373732643137666232306331323039383930623839653763636164663565
62653363306536303733663532663333333330336136346364396266386435313763346362636161
30303134613336666362303365666531383566363837646337336535623261343131323337363731
64616438386336363461626566303939343533623165313230633634343234663634393631376431
33306362303238346135383364656235353035313962323866383162303566666231643231666639
38396564326363303265373835356264643936656166366231333063666263393464636137396232
64376566343766306235616666356239636564616333626365633361356263323837623264643962
38303837626331623439623062633265623730303335363965316666633165353839393139346331
39666336666330356261383464316161353239316339306639613135663237616462623264626636
34356635663832313764323037326666363865623436616630343266386164313465373862366132
61363766393361326639386666393632373539323532653334373330323330613263336434653764
30376664643635613138393963613938383733353364363362396566363737633730353736303363
39356464303561396432643131336434613865623033393065366639613063636436646238346638
32356530643265343962393932613734343038643137623639656135386338386337343566343332
62653537626639653136343765373562663961616338343231313839636263333337656536623432
39653863366164343730313939363437323633653231323665373561643734353966633366653761
33353161666165646139616432626139303838626161343465343364366631363261323463353135
34633031653135656265306633306134626433306233346465373136386530636237306230636662
33306538346338303839383230653633343338366536346532313034383166353231653837326439
36373762393834663032326435373263663037336465313130353330333534393533666332623734
64616563323932656136376264383764343266643664373732366461663766326462653435333432
32653531333066373033633665323537353666633732656335366464336361636266643736333832
30363563666464623433346362396163343430373130306339383864333363326431303532343132
32323463373338316266393664613131366164636366643039643631313165343439316333646130
33313962383261306466346463383264313537653734623238616633653465346431383864363239
64623537663135636161626437333635313039613465626432666265663064353761313639306437
31303630643563323233376130316139316164376165643434393933336330663237353536363938
34303666313634633662303135343332313362623636363262623135356535653063363364373538
33336538656130363537303437396365623363623336326564623937356535383231306339386433
66343831333366333166643964383864616431666361623162613439613661323966383238393937
37346430636232633066303336616664393930306636646630653965656630623061653336646139
37626437333266376139643536623062383565656634333837633631313638346331326466643531
34626135386139306264613936653231343862633161313937623534376239663535373138353864
31646165656632316365343830346630633564646433333964353737623636646132623165343136
32376436373731323337353336343035333537623336626465363336316162343538653762616165
65326531383731656230383862336164363663303162373061346335323966616239313733623166
66626666633864333863386433393237343666643831313130343864303430363863626636386239
31373261663537653632313631376231623431626238393062386464633330373632333033363732
38366237326434623435656162633832393134653133306533393332313662663236663463306133
63396662666537633266323765636537666530653238316436356463393962343439373231623836
65663434323135353365316261356633623936653837303366356564303061346463366565313837
33386332663365393562393333306661383435333630373665363562616539393963333764326438
64343133323065346138393938323462393462623636653435626664666634643138666230303031
66346565636232633231663365316434336134346638616339636131333034613238636634333032
61366437613230663161373664626563303161373837343262373038323739393462386165643035
39663634343031383062666436373134616630326632633838666664353332373436383564316264
33663263363866373463303064316362393634356331343064653638646664313061336333613664
33383364343637366539616162326265303734376231313038386364643861613764353638333463
30613237383431643661306262326366333230666535633333306365323165316161633134373966
62373964356335623961373666613963376337366664636665366632373938646332646339346164
65646564323934353166373864366634643466623266643231633664303565333936356162373239
34326335386332613236396461653264346462333730366265313465353762323864633666343934
64613338393637383637396338643836396637376436373231336434343632333863383461356663
34656530343738353037616162376331643637373537643932363561326534613638653930636139
61386233343064666535353338383432346336313965363335303234653932346663663837303036
35373630663937336431656163613266316264376132656362646236323137356637353631326666
66353562396532323131653266613736323466303965326437366439376335653862363937303161
62646532323030356336653461326631303633646463656565353734653236663839336564393533
66316438316438643232363731623833383736393334326335626134613038653235356561653362
35663164373461333566313863383764386230386132316161646363613731613537
